412 4
1000000000000000 0
5178 1
7598 175981
929292929291300 291085109851973
4 12
12 124
3489512 5690
18975 1
123412 3
4127849174 12
4 4
875198547177030 51798571
184 1284
75 175892
157 189571
372036854766584 372036814766584
19283109 8381283
4 1
135 14
13 1
4 5
5 789571857
174 1
7 57891275
372031854766584 372036854766577
1274198 712894
14 124
1247178194 1247891274891
15 2
85 18795471895
1587157 1
5626 5
590218309895 1
12 4
372036854766579 372036854766583
41 27
0 1000000000000000
88 372036854766584
547 187
